_____________________________
data/EEM/2020 Apr1.xlsx
_____________________________
data/EEM/2019 Jun1.xlsx
_____________________________
data/EEM/2018 Mar1.xlsx
_____________________________
data/EEM/2020 Jan1.xlsx
_____________________________
data/EEM/2018 Sep1.xlsx
_____________________________
data/EEM/2020 Aug1.xlsx
_____________________________
data/EEM/2020 Sep1.xlsx
_____________________________
data/EEM/2019 May1.xlsx
_____________________________
data/EEM/2019 Sep1.xlsx
_____________________________
data/EEM/2020 Mar1.xlsx
_____________________________
data/EEM/2020 Jun1.xlsx
_____________________________
data/EEM/2019 Mar1.xlsx
_____________________________
data/EEM/2018 Apr1.xlsx
_____________________________
data/EEM/2018 Jun1.xlsx
_____________________________
data/EEM/2019 Aug1.xlsx
_____________________________
data/EEM/2018 Aug1.xlsx
_____________________________
data/EEM/2020 Feb1.xlsx
_____________________________
data/EEM/2018 Dec1.xlsx
_____________________________
data/EEM/2020 May1.xlsx
_____________________________
data/EEM/2018 Nov1.xlsx
_____________________________
data/EEM/2018 Oct1.xlsx
_____________________________
data/EEM/2019 Jul1.xlsx
_____________________________
data/EEM/2019 Apr1.xlsx
_____________________________
data/EEM/2018 Jul1.xlsx
_____________________________
data/EEM/2020 Jul1.xlsx
Index(['Unnamed: 0', 'Date', 'Sample\nNo.', 'Site', 'Water Depth', 'W.T.',
       'pH', 'DO', 'EC', 'BOD5', 'CODMn', 'SS', 'TN', 'TP', 'TOC', 'DOC',
       'Chl-a', 'TN,', 'NH3-N', 'NO3-N', 'DTP', 'PO4-P'],
      dtype='object')
**********************
DV 1
**********************
[[ 361.62569649]
 [ 456.66011144]
 [ 436.33890528]
 [ 436.97148476]
 [ 434.65093412]
 [ 417.48934775]
 [ 416.72894133]
 [ 412.86135693]
 [ 408.2792527 ]
 [ 400.12782694]
 [ 399.81645362]
 [ 409.79023271]
 [ 303.7725336 ]
 [ 305.11963291]
 [ 309.76073419]
 [ 839.86234022]
 [ 480.86529007]
 [ 441.31104556]
 [ 319.23959358]
 [ 978.31202884]
 [ 384.69026549]
 [ 415.71943625]
 [ 609.27236971]
 [ 516.66994428]
 [ 450.29170764]
 [ 666.42740085]
 [ 481.39298591]
 [ 441.52081285]
 [ 334.76237299]
 [ 444.93608653]
 [ 567.74172402]
 [ 563.07440184]
 [ 645.5424451 ]
 [ 467.5483448 ]
 [ 387.16814159]
 [ 481.14060964]
 [1144.01507702]
 [ 524.18879056]
 [ 745.23762701]
 [ 408.2792527 ]
 [1257.42051786]
 [1744.0806293 ]
 [ 448.74467388]
 [ 378.26941986]
 [ 390.92756473]
 [ 768.50213045]
 [ 637.81710914]
 [ 668.99377253]
 [ 667.06325795]
 [ 649.0101606 ]
 [ 642.61553589]
 [ 775.97509013]
 [ 788.16781383]
 [ 827.59095379]
 [ 440.38675844]
 [ 439.06915765]
 [ 447.59095379]
 [ 937.85644051]
 [ 777.2631924 ]
 [ 685.49000328]
 [ 435.46378237]
 [ 880.50803015]
 [ 707.62372992]
 [ 384.82792527]
 [ 778.00721075]
 [ 779.44936087]
 [ 761.44215011]
 [ 559.52146837]
 [ 562.59259259]
 [ 550.09832842]
 [ 635.02130449]
 [ 639.77056703]
 [ 760.62930187]
 [ 735.32284497]
 [ 756.54211734]
 [ 378.05309735]
 [ 385.29990167]
 [ 533.0907899 ]
 [ 653.17273025]
 [ 695.69321534]
 [ 770.69157653]
 [ 449.75581776]
 [ 660.01311046]
 [ 529.38053097]
 [ 577.5696493 ]
 [ 667.39757457]
 [ 671.19501803]
 [ 693.6545395 ]
 [ 651.86823992]
 [ 645.63094068]
 [ 632.71714192]
 [ 642.53687316]
 [ 656.4142904 ]
 [ 575.58505408]
 [ 638.58734841]
 [ 628.3726647 ]
 [ 472.25827598]
 [ 512.06260243]
 [ 524.86397902]
 [ 795.95214684]
 [ 778.48574238]
 [ 638.93149787]
 [ 690.15732547]
 [ 909.87545067]
 [ 599.41527368]
 [ 510.72107506]
 [ 720.83906916]
 [ 686.21107833]
 [ 716.273353  ]
 [ 705.49983612]
 [ 715.55227794]
 [ 657.97771223]
 [ 643.34644379]
 [ 642.60898066]
 [ 704.14290397]
 [ 692.50409702]
 [ 684.42805637]
 [ 470.59324812]
 [ 491.83218617]
 [ 483.09406752]
 [ 813.9855785 ]
 [ 758.84300229]
 [ 660.55391675]
 [ 481.67158309]
 [ 823.89380531]
 [ 581.63880695]
 [ 549.33136676]
 [ 800.20976729]
 [ 805.67027204]
 [ 791.05539167]
 [ 703.80203212]
 [ 760.04260898]
 [ 668.73156342]
 [ 642.57948214]
 [ 593.29072435]
 [ 673.69387086]
 [ 713.22517207]
 [ 760.55719436]
 [ 545.35889872]
 [ 572.28121927]
 [ 571.62569649]
 [ 759.45919371]
 [ 798.11864962]
 [ 794.86725664]
 [ 552.64831203]
 [ 767.78105539]
 [ 677.44673877]
 [ 422.12061619]
 [ 458.11864962]
 [ 550.54736152]
 [ 468.89544412]
 [ 435.85054081]
 [ 402.71058669]
 [ 388.86266798]
 [ 432.30744018]
 [ 441.40281875]
 [ 557.10258931]
 [ 425.12946575]
 [ 423.23828253]
 [ 403.67092756]
 [ 510.28843002]
 [ 453.87741724]
 [ 865.36545395]
 [ 501.73058014]
 [ 581.64536218]
 [ 461.50114716]
 [1251.92395936]
 [ 479.60996395]
 [ 562.11733858]
 [ 943.88069485]
 [ 518.302196  ]
 [1140.53425107]
 [ 866.71910849]
 [ 319.07899049]
 [ 262.76958374]
 [ 961.68469354]
 [ 378.74139626]
 [ 498.59390364]
 [ 525.65716159]
 [ 596.06686332]
 [ 186.23074402]
 [ 295.47689282]
 [ 452.66142248]
 [ 799.08554572]
 [ 429.74762373]
 [ 237.46640446]
 [ 432.65158964]
 [ 830.25565388]
 [ 556.21435595]
 [ 341.93706981]
 [ 486.75516224]
 [ 483.15634218]
 [ 476.42084562]
 [ 446.59455916]
 [ 436.32907244]
 [ 447.64339561]
 [ 449.37069813]
 [ 441.83218617]
 [ 468.08587348]
 [ 469.71156998]
 [ 465.21468371]
 [ 314.6705998 ]
 [ 330.62930187]
 [ 317.65650606]
 [ 660.21960013]
 [ 478.23336611]
 [ 453.65126188]
 [ 319.03965913]
 [ 791.12749918]
 [ 396.32579482]
 [ 355.84070796]
 [ 469.99672239]
 [ 469.30842347]
 [ 486.33235005]
 [ 441.46509341]
 [ 463.76270075]
 [ 448.33169453]
 [ 447.21075057]
 [ 444.92297607]
 [ 462.60570305]
 [ 496.18157981]
 [ 471.69452638]
 [ 444.34611603]
 [ 447.69583743]
 [ 433.44477221]
 [ 973.42510652]
 [ 568.45624385]
 [ 511.67158309]
 [ 329.68207145]
 [1181.7207473 ]
 [ 475.75221239]
 [ 309.25598165]
 [ 417.02392658]
 [ 421.68469354]
 [ 449.7410685 ]
 [ 401.21927237]
 [ 417.0993117 ]
 [ 427.91543756]
 [ 420.39331367]
 [ 402.50409702]
 [ 422.67125533]
 [ 446.60766962]
 [ 414.97869551]
 [ 368.23992134]
 [ 305.94559161]
 [ 314.68469354]
 [ 658.32841691]
 [ 444.08325139]
 [ 437.34841036]
 [ 426.56178302]
 [1176.0603081 ]
 [ 384.33366109]
 [ 430.9668961 ]
 [ 488.52179613]
 [ 484.30678466]
 [ 498.48574238]
 [ 477.62700754]
 [ 489.57718781]
 [ 547.11897738]
 [ 572.69419862]
 [ 531.14060964]
 [ 531.21271714]
 [ 556.45034415]
 [ 541.88462799]
 [ 471.9108489 ]
 [ 404.73615208]
 [ 429.74434612]
 [ 807.2631924 ]
 [ 494.98197312]
 [ 489.95083579]
 [ 398.05965257]
 [ 930.69485415]
 [ 470.        ]
 [ 344.84431334]
 [ 537.8531629 ]
 [ 589.33792199]
 [ 607.78105539]
 [ 508.17764667]
 [ 528.64634546]
 [ 432.12061619]
 [ 409.06915765]
 [ 390.07538512]
 [ 531.43231727]
 [ 570.12127171]
 [ 461.62897411]
 [ 422.49098656]
 [ 390.77351688]
 [ 393.08751229]
 [ 711.71746968]
 [ 541.9337922 ]
 [ 530.02949853]
 [ 338.28908555]
 [ 922.23205506]
 [ 422.48115372]
 [ 661.31104556]
 [ 885.76532284]
 [ 971.13077679]
 [ 953.54310062]
 [ 965.43428384]
 [ 941.71419207]
 [3242.67453294]
 [ 770.0950508 ]
 [ 721.56014422]
 [ 705.79809898]
 [ 892.19731236]
 [ 806.14880367]
 [ 931.30776794]
 [ 939.19370698]
 [ 811.7207473 ]
 [1292.70730908]
 [ 845.17535234]
 [ 829.37725336]
 [ 536.63716814]
 [1184.74270731]
 [ 691.55031137]
 [ 399.56735497]
 [ 592.82858079]
 [ 613.42182891]
 [ 636.19796788]
 [ 479.29531301]
 [ 526.23402163]
 [ 493.9396919 ]
 [ 475.27695837]
 [ 473.08423468]
 [ 497.47066536]
 [ 588.83972468]
 [ 767.28285808]
 [ 501.77318912]
 [ 494.51327434]
 [ 577.96787938]
 [ 472.94985251]
 [ 773.00229433]
 [ 565.09668961]
 [ 282.84496886]
 [1247.75155687]
 [ 548.26614225]
 [ 341.63225172]
 [ 458.48901999]
 [ 547.72205834]
 [ 506.09636185]
 [ 375.71288102]
 [ 382.63847919]
 [ 388.63651262]
 [ 393.0907899 ]
 [ 392.7597509 ]
 [ 425.2114061 ]
 [ 470.99311701]
 [ 416.68960996]
 [ 326.61094723]
 [ 438.05309735]
 [ 330.12782694]
 [ 548.63979023]
 [ 501.76335628]
 [ 481.86168469]
 [ 325.09013438]
 [ 794.01507702]
 [ 369.62635202]
 [ 364.36905932]
 [ 477.41724025]
 [ 235.50966896]
 [ 481.78629957]
 [ 369.44280564]
 [ 369.58374304]
 [ 386.3454605 ]
 [ 384.98197312]
 [ 389.13798755]
 [ 444.61815798]
 [ 464.40839069]
 [ 445.87020649]
 [ 358.48246477]
 [ 363.7495903 ]
 [ 517.58112094]
 [ 517.58112094]
 [ 462.50409702]
 [ 461.46509341]
 [ 365.43756146]
 [ 623.00229433]
 [ 392.22222222]
 [ 384.51327434]
 [ 645.24745985]
 [ 635.26712553]
 [ 644.63454605]
 [ 523.92330383]
 [ 515.43756146]
 [ 502.66797771]
 [ 545.15240905]
 [ 520.40970174]
 [ 581.66175025]
 [ 610.02949853]
 [ 605.41461816]
 [ 361.95018027]
 [ 369.16093084]
 [ 367.58112094]
 [1191.21599476]
 [ 604.9295313 ]
 [ 628.20058997]
 [ 356.68960996]
 [1208.26286463]
 [ 528.22025565]
 [ 343.17600787]
 [ 504.94919698]
 [ 440.38020321]
 [ 505.32284497]
 [ 450.86856768]
 [ 461.23238283]
 [ 477.52867912]
 [ 343.85447394]
 [ 459.93444772]
 [ 499.37725336]
 [ 595.5195018 ]
 [ 596.41756801]
 [ 350.59652573]
 [ 264.60176991]
 [ 367.42707309]
 [ 594.5526057 ]
 [ 520.64241232]
 [ 509.83939692]
 [ 394.34611603]
 [ 698.71189774]
 [ 490.3998689 ]
 [ 489.74434612]
 [ 650.78990495]
 [ 588.61029171]
 [ 647.36479843]
 [ 725.02785972]
 [ 737.25008194]
 [ 740.848902  ]
 [ 746.97803999]
 [ 757.79744346]
 [ 629.39691904]
 [ 644.72631924]
 [ 640.74729597]
 [ 544.99180597]
 [ 559.7410685 ]
 [ 591.82235333]
 [ 705.48017044]
 [ 581.12749918]
 [ 578.35463782]
 [ 479.5509669 ]
 [ 715.51622419]
 [ 649.40675188]
 [ 345.9914782 ]
 [ 408.72828581]
 [ 319.56735497]
 [ 349.73123566]
 [ 374.17240249]
 [ 333.86430678]
 [ 557.84005244]
 [ 471.31760079]
 [ 505.34251065]
 [ 296.73221894]
 [ 523.82497542]
 [ 410.00655523]
 [ 499.1740413 ]
 [ 520.62274664]
 [ 512.85807932]
 [1100.04916421]
 [ 494.59193707]
 [ 562.77613897]
 [ 380.7538512 ]
 [1365.82759751]
 [ 415.24418224]
 [ 324.98295641]
 [ 445.30580138]
 [ 279.64077352]
 [ 407.02949853]
 [ 324.31465093]
 [ 392.13700426]
 [ 431.7207473 ]
 [ 368.39691904]
 [ 340.24385447]
 [ 423.04490331]
 [ 355.78466077]
 [ 431.61160275]
 [ 319.10816126]
 [ 228.15798099]
 [ 354.99311701]
 [ 674.46738774]
 [ 229.20026221]
 [ 390.77351688]
 [ 286.42084562]
 [ 922.29432973]
 [ 360.14421501]
 [ 133.78990495]
 [1263.6315962 ]
 [1257.80072108]
 [1277.41724025]
 [1084.86070141]
 [1084.65421173]
 [1009.9770567 ]
 [1029.37069813]
 [ 954.0806293 ]
 [1473.2317273 ]
 [1449.45919371]
 [1367.89249426]
 [ 506.4142904 ]
 [ 497.0993117 ]
 [ 514.69682071]
 [1159.99016716]
 [1687.93838086]
 [1347.19764012]
 [ 573.32022288]
 [ 903.39233038]
 [ 900.43264503]
 [ 410.2130449 ]
 [ 851.30776794]
 [ 864.34283841]
 [ 818.38413635]
 [ 667.94165847]
 [ 659.62635202]
 [ 778.43985578]
 [ 796.34218289]
 [ 872.68436578]
 [ 954.99508358]
 [ 976.43395608]
 [ 979.06588004]
 [ 537.42379548]
 [ 538.73811865]
 [1035.79809898]
 [1052.84169125]
 [ 675.92264831]
 [ 743.97574566]
 [ 328.50540806]
 [1280.30154048]
 [ 699.30842347]]
pH
*************
linear
3.184973474282054
SVR
3.234037561755433
DTR
3.6898298950416195
_____________________________-
DO
*************
linear
30.804057693693448
SVR
41.23030854104471
DTR
97.26099405001564
_____________________________-
BOD5
*************
linear
58.710493010278725
SVR
46.81973609301362
DTR
90.91954022988506
_____________________________-
CODMn
*************
linear
27.01440778368105
SVR
34.39996392363883
DTR
63.51338656646312
_____________________________-
TN
*************
linear
7.897406671508102
SVR
9.971098972182919
DTR
80.09225560302129
_____________________________-
TP
*************
linear
0.9847449554884479
SVR
1.1362041467304629
DTR
1.7068580542264755
_____________________________-
TOC
*************
linear
7.198017011188782
SVR
10.314362314131527
DTR
24.792476792108094
_____________________________-
DOC
*************
linear
4.908209680431666
SVR
6.500420607661879
DTR
14.69050351595553
_____________________________-
TN,
*************
linear
7.62517461512778
SVR
10.669552600183414
DTR
78.2112822106916
_____________________________-
NH3-N
*************
linear
9.33324095801927
SVR
133.87250048026291
DTR
85.00238828967642
_____________________________-
NO3-N
*************
linear
8.053111513570743
SVR
11.908710637677975
DTR
59.75741100384645
_____________________________-
DTP
*************
linear
0.8077836677874717
SVR
1.6767990495587242
DTR
1.5150033944331296
_____________________________-
PO4-P
*************
linear
1.7279088688107098
SVR
2.5862696443341604
DTR
2.997518610421836
_____________________________-
final
linear
12.942271531066789
SVR
24.17845881324435
DTR
46.47303447813741
**********************
DV 2
**********************
[[ 356.52572927]
 [ 450.05244182]
 [ 426.06686332]
 [ 428.60045887]
 [ 426.67649951]
 [ 401.44542773]
 [ 410.07866273]
 [ 405.37856441]
 [ 396.63061291]
 [ 394.95902983]
 [ 392.76630613]
 [ 400.13110456]
 [ 295.16224189]
 [ 296.36184857]
 [ 305.71943625]
 [ 806.06686332]
 [ 475.85709603]
 [ 433.33661095]
 [ 314.70665356]
 [ 970.04588659]
 [ 378.98066208]
 [ 405.00983284]
 [ 602.34677155]
 [ 507.17141921]
 [ 443.90691577]
 [ 657.34513274]
 [ 473.66109472]
 [ 436.67649951]
 [ 330.97672894]
 [ 439.7640118 ]
 [ 547.10914454]
 [ 556.32907244]
 [ 637.08947886]
 [ 462.18616847]
 [ 380.45231072]
 [ 470.39659128]
 [1121.80924287]
 [ 516.63716814]
 [ 738.96755162]
 [ 401.47164864]
 [1239.49196985]
 [1692.68108817]
 [ 437.4303507 ]
 [ 349.98361193]
 [ 373.1596198 ]
 [ 757.87610619]
 [ 624.71320878]
 [ 654.80170436]
 [ 653.54310062]
 [ 637.56473287]
 [ 629.22648312]
 [ 766.94854146]
 [ 778.47918715]
 [ 812.17961324]
 [ 429.26581449]
 [ 419.34775483]
 [ 441.69124877]
 [ 917.79088823]
 [ 765.64405113]
 [ 666.5093412 ]
 [ 426.33235005]
 [ 866.50278597]
 [ 691.35693215]
 [ 374.67781055]
 [ 771.37004261]
 [ 768.65290069]
 [ 751.5568666 ]
 [ 552.78924943]
 [ 556.96165192]
 [ 546.14552606]
 [ 625.22123894]
 [ 632.76302852]
 [ 752.6876434 ]
 [ 729.38380859]
 [ 748.37758112]
 [ 370.22287775]
 [ 382.94001967]
 [ 520.34414946]
 [ 641.92395936]
 [ 688.44968863]
 [ 759.482137  ]
 [ 445.48672566]
 [ 654.04785316]
 [ 519.32808915]
 [ 570.21632252]
 [ 662.39921337]
 [ 663.93641429]
 [ 683.37594231]
 [ 642.99672239]
 [ 639.80006555]
 [ 620.73418551]
 [ 635.00163881]
 [ 647.29269092]
 [ 569.26122583]
 [ 625.06719108]
 [ 623.32677811]
 [ 463.85775156]
 [ 503.33333333]
 [ 518.1842019 ]
 [ 779.87217306]
 [ 734.91642085]
 [ 628.72173058]
 [ 665.92592593]
 [ 893.95935759]
 [ 591.82235333]
 [ 503.26450344]
 [ 691.09800066]
 [ 671.94362504]
 [ 686.26024254]
 [ 697.55162242]
 [ 695.89970501]
 [ 651.30449033]
 [ 633.98885611]
 [ 610.77023927]
 [ 667.36479843]
 [ 688.45952147]
 [ 675.46050475]
 [ 450.58341527]
 [ 470.07866273]
 [ 471.3208784 ]
 [ 789.45919371]
 [ 754.47722058]
 [ 639.52146837]
 [ 467.83349721]
 [ 772.4057686 ]
 [ 564.95575221]
 [ 534.67387742]
 [ 789.92133727]
 [ 795.87676172]
 [ 779.18715175]
 [ 698.38085873]
 [ 753.61848574]
 [ 661.13733202]
 [ 633.38577516]
 [ 587.64011799]
 [ 668.37758112]
 [ 707.01409374]
 [ 743.74631268]
 [ 535.89970501]
 [ 563.07112422]
 [ 562.3107178 ]
 [ 739.07571288]
 [ 793.88397247]
 [ 787.84660767]
 [ 544.49360865]
 [ 757.01737135]
 [ 660.45886595]
 [ 417.85644051]
 [ 451.75024582]
 [ 541.27171419]
 [ 464.13307112]
 [ 431.04228122]
 [ 395.51622419]
 [ 385.6833825 ]
 [ 429.00360538]
 [ 436.1094723 ]
 [ 553.18911832]
 [ 415.06063586]
 [ 416.67977712]
 [ 399.49524746]
 [ 505.33923304]
 [ 445.12291052]
 [ 853.57259915]
 [ 495.424451  ]
 [ 574.60504753]
 [ 429.4329728 ]
 [1238.01048836]
 [ 474.71320878]
 [ 555.37528679]
 [ 931.19305146]
 [ 514.19534579]
 [1131.27499181]
 [ 859.22320551]
 [ 312.67453294]
 [ 251.84201901]
 [ 925.82759751]
 [ 372.82202557]
 [ 488.30875123]
 [ 516.11274992]
 [ 579.52474598]
 [ 181.48803671]
 [ 288.98393969]
 [ 443.65880039]
 [ 788.7971157 ]
 [ 423.93313668]
 [ 232.63192396]
 [ 425.76860046]
 [ 815.61783022]
 [ 548.18747951]
 [ 335.424451  ]
 [ 473.57587676]
 [ 473.57587676]
 [ 470.62274664]
 [ 437.84333006]
 [ 428.99049492]
 [ 439.64274009]
 [ 442.83513602]
 [ 433.54637824]
 [ 457.1451983 ]
 [ 465.21796132]
 [ 455.9914782 ]
 [ 306.51261881]
 [ 324.47722058]
 [ 313.39233038]
 [ 651.71091445]
 [ 471.33071124]
 [ 447.07309079]
 [ 314.37823664]
 [ 780.12127171]
 [ 389.01343822]
 [ 350.25237627]
 [ 467.09603409]
 [ 462.53687316]
 [ 473.33333333]
 [ 432.877745  ]
 [ 456.00458866]
 [ 442.53031793]
 [ 442.58931498]
 [ 438.10553917]
 [ 455.75221239]
 [ 486.44378892]
 [ 468.03343166]
 [ 438.13831531]
 [ 439.63946247]
 [ 427.55490003]
 [ 959.53785644]
 [ 560.64241232]
 [ 503.10390036]
 [ 323.41855129]
 [1169.21337266]
 [ 471.179941  ]
 [ 304.60176991]
 [ 414.63126844]
 [ 417.12553261]
 [ 442.30744018]
 [ 396.45034415]
 [ 411.13733202]
 [ 423.00557194]
 [ 416.79449361]
 [ 396.0603081 ]
 [ 416.82726975]
 [ 421.46837103]
 [ 408.90527696]
 [ 340.74074074]
 [ 301.55031137]
 [ 311.30580138]
 [ 648.48246477]
 [ 441.39167486]
 [ 434.18092429]
 [ 394.58210423]
 [1160.39003605]
 [ 379.64208456]
 [ 419.14454277]
 [ 482.58603736]
 [ 478.0662078 ]
 [ 489.67551622]
 [ 459.63618486]
 [ 474.38872501]
 [ 539.32808915]
 [ 560.9668961 ]
 [ 516.77482793]
 [ 512.84824648]
 [ 536.37823664]
 [ 533.81514258]
 [ 447.55817765]
 [ 390.66535562]
 [ 417.26974762]
 [ 781.66830547]
 [ 478.6791216 ]
 [ 477.71550311]
 [ 387.58439856]
 [ 908.41363487]
 [ 464.09701737]
 [ 336.4142904 ]
 [ 532.67125533]
 [ 580.87512291]
 [ 600.40314651]
 [ 502.42215667]
 [ 520.02949853]
 [ 425.1884628 ]
 [ 403.78236644]
 [ 385.85709603]
 [ 526.35201573]
 [ 563.5136021 ]
 [ 456.44378892]
 [ 415.62438545]
 [ 385.90626024]
 [ 388.21042281]
 [ 705.424451  ]
 [ 536.47328745]
 [ 526.1553589 ]
 [ 333.07767945]
 [ 913.30055719]
 [ 416.93543101]
 [ 648.49557522]
 [ 875.36873156]
 [ 953.45132743]
 [ 943.10717797]
 [ 946.10291708]
 [ 931.96329072]
 [3234.57882661]
 [ 761.15372009]
 [ 710.8030154 ]
 [ 696.05047525]
 [ 880.52441822]
 [ 796.58144871]
 [ 923.45034415]
 [ 922.83185841]
 [ 806.11176663]
 [1278.40052442]
 [ 834.29367421]
 [ 820.2130449 ]
 [ 528.98066208]
 [1167.1943625 ]
 [ 678.51196329]
 [ 394.77220583]
 [ 585.1655195 ]
 [ 609.58702065]
 [ 628.75450672]
 [ 473.79875451]
 [ 517.16158637]
 [ 490.12127171]
 [ 470.30809571]
 [ 468.64962307]
 [ 494.61160275]
 [ 582.77941658]
 [ 761.99934448]
 [ 497.98098984]
 [ 489.02654867]
 [ 571.67158309]
 [ 455.93903638]
 [ 745.29990167]
 [ 557.53523435]
 [ 281.1078335 ]
 [1237.68272697]
 [ 542.11078335]
 [ 335.2605703 ]
 [ 452.05506391]
 [ 527.85971813]
 [ 489.7410685 ]
 [ 370.39003605]
 [ 376.02425434]
 [ 379.12487709]
 [ 384.70337594]
 [ 385.94559161]
 [ 417.12553261]
 [ 456.57161586]
 [ 411.24549328]
 [ 311.41265159]
 [ 410.2589315 ]
 [ 326.20124549]
 [ 538.99049492]
 [ 496.77482793]
 [ 461.40281875]
 [ 318.32841691]
 [ 779.65912815]
 [ 366.20452311]
 [ 358.64962307]
 [ 470.39331367]
 [ 229.47230416]
 [ 472.74664045]
 [ 366.74205179]
 [ 366.82071452]
 [ 381.75680105]
 [ 378.6791216 ]
 [ 379.18715175]
 [ 439.20026221]
 [ 454.06424123]
 [ 440.71451983]
 [ 350.27531957]
 [ 356.77482793]
 [ 510.0229433 ]
 [ 510.0229433 ]
 [ 456.70599803]
 [ 452.61225828]
 [ 362.62209112]
 [ 610.74729597]
 [ 386.42084562]
 [ 369.47885939]
 [ 629.32808915]
 [ 626.21107833]
 [ 631.96984595]
 [ 510.19010161]
 [ 507.25991478]
 [ 494.53949525]
 [ 533.13995411]
 [ 514.47066536]
 [ 569.32808915]
 [ 584.98197312]
 [ 591.81252049]
 [ 356.86004589]
 [ 360.47525402]
 [ 355.86365126]
 [1178.1842019 ]
 [ 589.61979679]
 [ 612.35988201]
 [ 348.0891511 ]
 [1188.01376598]
 [ 512.53359554]
 [ 339.42313995]
 [ 493.59554245]
 [ 433.21206162]
 [ 493.47099312]
 [ 446.10619469]
 [ 456.92232055]
 [ 472.24516552]
 [ 337.3811865 ]
 [ 456.13897083]
 [ 492.94001967]
 [ 584.03146509]
 [ 589.83284169]
 [ 343.71681416]
 [ 258.49557522]
 [ 359.1969846 ]
 [ 586.52245166]
 [ 511.26188135]
 [ 499.09210095]
 [ 386.87315634]
 [ 688.52835136]
 [ 482.10422812]
 [ 474.97869551]
 [ 639.73123566]
 [ 582.79580465]
 [ 630.91445428]
 [ 712.82202557]
 [ 731.94690265]
 [ 736.10619469]
 [ 739.55424451]
 [ 750.99639462]
 [ 620.99967224]
 [ 635.86365126]
 [ 633.00557194]
 [ 537.48279253]
 [ 554.09373976]
 [ 585.82759751]
 [ 695.57522124]
 [ 572.5280236 ]
 [ 572.2648312 ]
 [ 473.83480826]
 [ 702.3828253 ]
 [ 642.47459849]
 [ 338.23992134]
 [ 395.92920354]
 [ 313.11701082]
 [ 338.62667978]
 [ 365.78171091]
 [ 323.73647984]
 [ 546.79777122]
 [ 463.93313668]
 [ 492.56309407]
 [ 289.32153392]
 [ 518.03343166]
 [ 402.35988201]
 [ 488.14814815]
 [ 506.57161586]
 [ 499.75417896]
 [1081.9567355 ]
 [ 464.77876106]
 [ 544.95575221]
 [ 371.36348738]
 [1349.42969518]
 [ 410.07243527]
 [ 319.63618486]
 [ 439.92985906]
 [ 274.86397902]
 [ 403.27204195]
 [ 320.2028843 ]
 [ 386.70829236]
 [ 426.24713209]
 [ 363.1120944 ]
 [ 336.81514258]
 [ 417.24385447]
 [ 351.12749918]
 [ 424.07571288]
 [ 311.53916749]
 [ 224.18551295]
 [ 349.84005244]
 [ 662.47459849]
 [ 224.12979351]
 [ 387.06653556]
 [ 281.17666339]
 [ 907.69911504]
 [ 355.96197968]
 [ 123.14585382]
 [1249.37069813]
 [1244.83120288]
 [1271.27171419]
 [1074.20517863]
 [1078.633235  ]
 [ 998.27597509]
 [1015.72926909]
 [ 941.66502786]
 [1462.79252704]
 [1440.24254343]
 [1357.71878073]
 [ 497.6892822 ]
 [ 492.03539823]
 [ 508.13176008]
 [1145.70304818]
 [1669.82956408]
 [1339.77384464]
 [ 566.68633235]
 [ 899.7181252 ]
 [ 887.13536545]
 [ 405.91609308]
 [ 846.31268437]
 [ 847.82038676]
 [ 810.91773189]
 [ 661.60603081]
 [ 653.53654539]
 [ 772.62864635]
 [ 783.90036054]
 [ 860.94067519]
 [ 942.71058669]
 [ 960.53752868]
 [ 970.55719436]
 [ 527.90232711]
 [ 535.09668961]
 [1019.8820059 ]
 [1046.25696493]
 [ 668.98066208]
 [ 728.38085873]
 [ 322.76302852]
 [1254.74598492]
 [ 689.27236971]]
pH
*************
linear
3.1872182108131217
SVR
3.2079106556794477
DTR
6.435637591989381
_____________________________-
DO
*************
linear
30.9234742515781
SVR
41.325509619120844
DTR
125.7135507538138
_____________________________-
BOD5
*************
linear
58.778735501292424
SVR
46.83489755883521
DTR
103.54885057471265
_____________________________-
CODMn
*************
linear
27.069475726734048
SVR
34.145577304165364
DTR
65.94175669328322
_____________________________-
TN
*************
linear
7.918184596993028
SVR
9.898443733056407
DTR
74.11046774393263
_____________________________-
TP
*************
linear
0.978912268979615
SVR
1.1362041467304629
DTR
1.8889314194577356
_____________________________-
TOC
*************
linear
7.211959087508282
SVR
10.211272344304723
DTR
25.42311039008923
_____________________________-
DOC
*************
linear
4.899015222872987
SVR
6.517116391835285
DTR
16.404671406479466
_____________________________-
TN,
*************
linear
7.643944633773541
SVR
10.400287657655078
DTR
72.56619879964612
_____________________________-
NH3-N
*************
linear
9.32391467209536
SVR
133.3600371412059
DTR
80.71864406779662
_____________________________-
NO3-N
*************
linear
8.066503008496703
SVR
11.745318867141524
DTR
53.760316577419125
_____________________________-
DTP
*************
linear
0.8044502721158125
SVR
1.6767990495587242
DTR
1.2581805838424984
_____________________________-
PO4-P
*************
linear
1.7219517745190007
SVR
2.5862696443341604
DTR
2.486352357320099
_____________________________-
final
linear
12.963672248290155
SVR
24.080434162586393
DTR
48.481282227675585
**********************
DV 3
**********************
[[ 353.43493936]
 [ 447.77122255]
 [ 423.47099312]
 [ 426.09308423]
 [ 424.50016388]
 [ 399.63618486]
 [ 405.60144215]
 [ 402.35004916]
 [ 392.95313012]
 [ 391.93706981]
 [ 390.45231072]
 [ 397.46312684]
 [ 291.25204851]
 [ 293.16617502]
 [ 303.19239594]
 [ 800.25237627]
 [ 471.68797116]
 [ 431.39298591]
 [ 312.79908227]
 [ 964.01835464]
 [ 374.88364471]
 [ 402.04195346]
 [ 596.76499508]
 [ 503.77581121]
 [ 438.87905605]
 [ 652.82202557]
 [ 470.12782694]
 [ 433.24156014]
 [ 328.57751557]
 [ 437.05998033]
 [ 527.35496559]
 [ 553.53982301]
 [ 634.50999672]
 [ 460.44575549]
 [ 378.83972468]
 [ 467.35496559]
 [1115.92592593]
 [ 513.6545395 ]
 [ 736.11602753]
 [ 399.30449033]
 [1222.8548017 ]
 [1641.94362504]
 [ 433.79875451]
 [ 338.67584399]
 [ 369.6460177 ]
 [ 750.52441822]
 [ 617.70567027]
 [ 650.90462144]
 [ 648.24319895]
 [ 630.31792855]
 [ 620.4949197 ]
 [ 756.86987873]
 [ 764.93608653]
 [ 801.40937398]
 [ 422.68108817]
 [ 416.57161586]
 [ 436.00786627]
 [ 903.8675844 ]
 [ 752.08784005]
 [ 658.9380531 ]
 [ 422.53031793]
 [ 862.24844313]
 [ 688.54146182]
 [ 373.34316618]
 [ 766.42084562]
 [ 763.89708292]
 [ 747.81055392]
 [ 550.66207801]
 [ 553.66109472]
 [ 543.48082596]
 [ 621.58636513]
 [ 631.15699771]
 [ 747.8531629 ]
 [ 726.18485742]
 [ 744.23139954]
 [ 367.65978368]
 [ 380.20976729]
 [ 518.96361849]
 [ 636.92232055]
 [ 686.19960669]
 [ 757.95804654]
 [ 442.93018682]
 [ 649.23959358]
 [ 515.54572271]
 [ 566.51917404]
 [ 659.97377909]
 [ 660.89151098]
 [ 679.1969846 ]
 [ 640.54408391]
 [ 638.18747951]
 [ 616.1553589 ]
 [ 631.20616191]
 [ 643.32448378]
 [ 565.31727303]
 [ 623.34316618]
 [ 621.13077679]
 [ 460.23107178]
 [ 500.3769256 ]
 [ 516.04719764]
 [ 774.25106522]
 [ 703.93313668]
 [ 626.75516224]
 [ 638.60701409]
 [ 887.29924615]
 [ 589.69682071]
 [ 495.29334644]
 [ 687.66306129]
 [ 669.27564733]
 [ 679.56079974]
 [ 694.07735169]
 [ 691.95018027]
 [ 649.56735497]
 [ 631.61258604]
 [ 604.37889217]
 [ 664.18551295]
 [ 686.27007539]
 [ 673.38905277]
 [ 443.27433628]
 [ 454.17240249]
 [ 459.86889544]
 [ 781.23893805]
 [ 751.39954113]
 [ 637.76794494]
 [ 459.39364143]
 [ 765.80793183]
 [ 560.88823337]
 [ 530.58013766]
 [ 783.08423468]
 [ 789.3149787 ]
 [ 771.44542773]
 [ 695.71615864]
 [ 748.33169453]
 [ 654.44116683]
 [ 629.96066863]
 [ 581.02261554]
 [ 663.80530973]
 [ 700.15404785]
 [ 740.90462144]
 [ 532.78597181]
 [ 557.67289413]
 [ 557.61389708]
 [ 736.52245166]
 [ 788.97738446]
 [ 783.03179285]
 [ 541.60603081]
 [ 751.70763684]
 [ 655.61783022]
 [ 413.7725336 ]
 [ 448.91838741]
 [ 537.89577188]
 [ 459.86889544]
 [ 425.54900033]
 [ 392.83513602]
 [ 382.48770895]
 [ 425.79809898]
 [ 432.29105211]
 [ 550.33431662]
 [ 410.83579154]
 [ 413.81186496]
 [ 397.26974762]
 [ 497.98426745]
 [ 441.75352343]
 [ 846.71583088]
 [ 491.00950508]
 [ 572.74991806]
 [ 408.74795149]
 [1233.12684366]
 [ 471.33071124]
 [ 551.61914127]
 [ 925.45067191]
 [ 510.60963618]
 [1122.51065225]
 [ 855.69649295]
 [ 309.90822681]
 [ 249.27892494]
 [ 894.39528024]
 [ 370.52769584]
 [ 485.93903638]
 [ 513.59882006]
 [ 576.04392003]
 [ 180.24582104]
 [ 287.12881023]
 [ 440.84562439]
 [ 779.6001311 ]
 [ 421.35365454]
 [ 231.33398886]
 [ 421.62995739]
 [ 812.02556539]
 [ 544.52310718]
 [ 332.43854474]
 [ 470.28843002]
 [ 470.43592265]
 [ 469.2461488 ]
 [ 434.93280892]
 [ 427.64995084]
 [ 435.81448705]
 [ 439.5509669 ]
 [ 430.14749263]
 [ 453.6315962 ]
 [ 462.9727958 ]
 [ 452.08128482]
 [ 304.83775811]
 [ 321.54375615]
 [ 309.24942642]
 [ 648.5381842 ]
 [ 464.4804982 ]
 [ 445.86365126]
 [ 312.36971485]
 [ 777.94165847]
 [ 386.53883972]
 [ 346.32907244]
 [ 464.62143559]
 [ 460.83579154]
 [ 469.7410685 ]
 [ 431.9108489 ]
 [ 453.71681416]
 [ 441.34054408]
 [ 440.95050803]
 [ 435.25729269]
 [ 453.12028843]
 [ 483.7495903 ]
 [ 463.9396919 ]
 [ 435.55883317]
 [ 435.72926909]
 [ 422.87118977]
 [ 956.02097673]
 [ 558.34152737]
 [ 500.44575549]
 [ 319.63946247]
 [1164.5984923 ]
 [ 467.84988528]
 [ 302.55326123]
 [ 412.03539823]
 [ 415.95542445]
 [ 439.94100295]
 [ 395.00491642]
 [ 409.33136676]
 [ 421.2979351 ]
 [ 416.23402163]
 [ 394.65421173]
 [ 414.80498197]
 [ 417.13208784]
 [ 407.66306129]
 [ 329.00688299]
 [ 299.10521141]
 [ 308.2962963 ]
 [ 647.03179285]
 [ 439.90626024]
 [ 432.29432973]
 [ 362.72697476]
 [1156.55195018]
 [ 377.3811865 ]
 [ 414.62799082]
 [ 472.46804326]
 [ 472.98262865]
 [ 480.67191085]
 [ 456.79449361]
 [ 469.68534907]
 [ 532.50737463]
 [ 553.84791872]
 [ 510.72763029]
 [ 507.30580138]
 [ 528.90855457]
 [ 524.50344149]
 [ 435.29990167]
 [ 384.22812193]
 [ 414.51982956]
 [ 766.68960996]
 [ 472.14355949]
 [ 471.62569649]
 [ 381.24221567]
 [ 897.79416585]
 [ 459.65585054]
 [ 334.59521468]
 [ 530.30481809]
 [ 576.52900688]
 [ 597.91543756]
 [ 499.39364143]
 [ 516.54211734]
 [ 423.81842019]
 [ 401.42248443]
 [ 383.94952475]
 [ 524.52966241]
 [ 559.95739102]
 [ 454.7394297 ]
 [ 412.89413307]
 [ 384.23139954]
 [ 386.24713209]
 [ 702.20583415]
 [ 532.71386431]
 [ 524.23795477]
 [ 330.99639462]
 [ 908.0662078 ]
 [ 412.94985251]
 [ 643.3107178 ]
 [ 869.39691904]
 [ 949.76728941]
 [ 936.32907244]
 [ 940.39659128]
 [ 926.1094723 ]
 [3229.69518191]
 [ 757.66961652]
 [ 708.11864962]
 [ 690.95378564]
 [ 876.93870862]
 [ 790.38675844]
 [ 919.6460177 ]
 [ 912.69419862]
 [ 801.40281875]
 [1268.40707965]
 [ 827.18780728]
 [ 815.57522124]
 [ 526.43067847]
 [1159.55424451]
 [ 675.76204523]
 [ 392.00589971]
 [ 583.68272697]
 [ 607.01540479]
 [ 624.46411013]
 [ 471.98623402]
 [ 515.13602098]
 [ 488.64634546]
 [ 467.97214028]
 [ 466.66666667]
 [ 492.02392658]
 [ 580.05899705]
 [ 758.59062602]
 [ 494.17240249]
 [ 487.47951491]
 [ 568.48901999]
 [ 446.57489348]
 [ 711.88135038]
 [ 555.54900033]
 [ 278.92625369]
 [1229.40019666]
 [ 538.42674533]
 [ 332.86791216]
 [ 448.57423795]
 [ 510.71779744]
 [ 475.97509013]
 [ 368.68239921]
 [ 372.78597181]
 [ 377.08292363]
 [ 382.72041953]
 [ 382.24844313]
 [ 414.72631924]
 [ 442.37954769]
 [ 408.47263192]
 [ 309.86889544]
 [ 395.77187807]
 [ 323.19895116]
 [ 537.05998033]
 [ 492.37954769]
 [ 459.47558178]
 [ 316.02753196]
 [ 775.51294657]
 [ 363.83808587]
 [ 356.86004589]
 [ 466.38479187]
 [ 226.8862668 ]
 [ 469.80334317]
 [ 363.95280236]
 [ 364.6935431 ]
 [ 377.99082268]
 [ 377.30580138]
 [ 376.85021304]
 [ 437.02064897]
 [ 452.27794166]
 [ 437.13208784]
 [ 348.00721075]
 [ 355.16224189]
 [ 506.27663061]
 [ 506.27663061]
 [ 454.39200262]
 [ 448.13503769]
 [ 360.8718453 ]
 [ 606.31596198]
 [ 384.69026549]
 [ 363.88397247]
 [ 625.1425762 ]
 [ 621.80924287]
 [ 628.02032121]
 [ 506.87971157]
 [ 503.06784661]
 [ 489.06260243]
 [ 529.36086529]
 [ 511.35037693]
 [ 565.75549   ]
 [ 578.42346772]
 [ 585.0704687 ]
 [ 351.6748607 ]
 [ 358.01704359]
 [ 353.00557194]
 [1171.48148148]
 [ 584.33628319]
 [ 607.3582432 ]
 [ 342.8548017 ]
 [1182.62864635]
 [ 507.20419535]
 [ 336.89282203]
 [ 488.15798099]
 [ 431.18649623]
 [ 490.94723042]
 [ 443.09406752]
 [ 454.45099967]
 [ 469.30842347]
 [ 334.51982956]
 [ 453.98230088]
 [ 491.61258604]
 [ 581.9108489 ]
 [ 587.42707309]
 [ 341.83218617]
 [ 256.54211734]
 [ 357.20747296]
 [ 580.26548673]
 [ 508.81022616]
 [ 496.63061291]
 [ 385.12618814]
 [ 686.22091118]
 [ 479.01671583]
 [ 469.29531301]
 [ 635.96197968]
 [ 580.21632252]
 [ 628.83644707]
 [ 709.02654867]
 [ 730.3064569 ]
 [ 730.40970174]
 [ 736.37495903]
 [ 748.79383809]
 [ 618.49557522]
 [ 632.36643723]
 [ 629.97050147]
 [ 535.24090462]
 [ 550.75712881]
 [ 582.24188791]
 [ 691.5568666 ]
 [ 569.28548017]
 [ 569.40019666]
 [ 471.98951164]
 [ 699.06915765]
 [ 639.28548017]
 [ 335.80793183]
 [ 391.81252049]
 [ 311.14060964]
 [ 335.09013438]
 [ 359.41986234]
 [ 320.80957063]
 [ 542.83513602]
 [ 461.45853818]
 [ 489.69190429]
 [ 286.7453294 ]
 [ 514.6935431 ]
 [ 398.95771878]
 [ 484.66404458]
 [ 503.2776139 ]
 [ 496.67649951]
 [1076.97476237]
 [ 443.29727958]
 [ 536.77482793]
 [ 370.13765978]
 [1340.44575549]
 [ 407.4949197 ]
 [ 316.9668961 ]
 [ 436.8387414 ]
 [ 273.07341855]
 [ 400.59193707]
 [ 318.47263192]
 [ 383.71353655]
 [ 423.91019338]
 [ 360.55227794]
 [ 334.32546706]
 [ 413.64962307]
 [ 349.47328745]
 [ 420.60734186]
 [ 309.42740085]
 [ 222.94001967]
 [ 347.36807604]
 [ 660.07866273]
 [ 221.96329072]
 [ 385.57522124]
 [ 279.33136676]
 [ 902.05506391]
 [ 354.49033104]
 [ 119.51163553]
 [1244.39528024]
 [1237.82694199]
 [1262.53359554]
 [1069.89511636]
 [1074.61488037]
 [ 994.4346116 ]
 [1010.91445428]
 [ 937.47951491]
 [1457.79318256]
 [1432.07145198]
 [1349.13798755]
 [ 495.00163881]
 [ 489.09210095]
 [ 504.83120288]
 [1143.17273025]
 [1664.30022943]
 [1331.75024582]
 [ 562.63847919]
 [ 896.71910849]
 [ 884.23139954]
 [ 404.28711898]
 [ 842.71058669]
 [ 839.4329728 ]
 [ 805.82104228]
 [ 655.61783022]
 [ 651.74696821]
 [ 769.16748607]
 [ 777.99410029]
 [ 855.8734841 ]
 [ 938.68895444]
 [ 955.51294657]
 [ 967.04031465]
 [ 524.575549  ]
 [ 531.97640118]
 [1013.13339889]
 [1040.46214356]
 [ 665.76532284]
 [ 722.70403147]
 [ 320.58341527]
 [1245.54900033]
 [ 685.95542445]]
pH
*************
linear
3.1892821895702053
SVR
3.214620489897749
DTR
5.366751115936781
_____________________________-
DO
*************
linear
31.00914325261312
SVR
41.48095456642836
DTR
92.20328367556927
_____________________________-
BOD5
*************
linear
58.79317800683849
SVR
46.77852637158955
DTR
107.42816091954026
_____________________________-
CODMn
*************
linear
27.106163413593656
SVR
34.911660018087666
DTR
71.48426491310471
_____________________________-
TN
*************
linear
7.921128567388754
SVR
9.740520678685451
DTR
87.59032782317979
_____________________________-
TP
*************
linear
0.9740784128231168
SVR
1.1362041467304629
DTR
2.380637958532696
_____________________________-
TOC
*************
linear
7.228751825887538
SVR
10.046370203245726
DTR
26.57187932715549
_____________________________-
DOC
*************
linear
4.899517529516497
SVR
6.4218440638304815
DTR
16.828852232607446
_____________________________-
TN,
*************
linear
7.641621506774558
SVR
10.370281330310688
DTR
83.11431178913308
_____________________________-
NH3-N
*************
linear
9.343204397658475
SVR
134.32368677224304
DTR
116.99406779661017
_____________________________-
NO3-N
*************
linear
8.069326590886819
SVR
11.621874779724319
DTR
56.325453465570554
_____________________________-
DTP
*************
linear
0.8026316062566929
SVR
1.6767990495587242
DTR
1.5030549898167007
_____________________________-
PO4-P
*************
linear
1.7207078988561046
SVR
2.5862696443341604
DTR
2.6541770057899092
_____________________________-
final
linear
12.976825784512615
SVR
24.177662470358946
DTR
51.57270946250362
**********************
DV 4
**********************
[[ 340.29498525]
 [ 434.57227139]
 [ 410.98328417]
 [ 411.71419207]
 [ 411.73385775]
 [ 386.58144871]
 [ 393.84136349]
 [ 391.16683055]
 [ 381.50114716]
 [ 381.90757129]
 [ 380.16388069]
 [ 386.76171747]
 [ 283.31366765]
 [ 285.76860046]
 [ 293.28416912]
 [ 777.16158637]
 [ 458.16453622]
 [ 419.95083579]
 [ 304.02163225]
 [ 933.71353655]
 [ 364.32645034]
 [ 396.2962963 ]
 [ 575.41887906]
 [ 493.29269092]
 [ 426.85152409]
 [ 637.32218945]
 [ 463.08095706]
 [ 424.79056047]
 [ 322.16650279]
 [ 429.87872829]
 [ 508.34480498]
 [ 543.17600787]
 [ 620.11143887]
 [ 452.76106195]
 [ 370.05342511]
 [ 454.65421173]
 [1087.69583743]
 [ 501.71353655]
 [ 724.13962635]
 [ 391.45526057]
 [1176.63061291]
 [1465.59160931]
 [ 409.75745657]
 [ 285.67682727]
 [ 347.76466732]
 [ 702.3828253 ]
 [ 581.5798099 ]
 [ 610.27204195]
 [ 606.14224844]
 [ 597.9482137 ]
 [ 588.76106195]
 [ 716.604392  ]
 [ 719.55424451]
 [ 758.90527696]
 [ 398.82989184]
 [ 393.87741724]
 [ 418.39396919]
 [ 865.43100623]
 [ 707.11242216]
 [ 621.66502786]
 [ 400.34087185]
 [ 800.64896755]
 [ 647.23697148]
 [ 365.26712553]
 [ 747.03048181]
 [ 741.42576205]
 [ 732.98262865]
 [ 536.71255326]
 [ 541.64863979]
 [ 531.31104556]
 [ 608.38413635]
 [ 617.31563422]
 [ 730.331039  ]
 [ 710.1179941 ]
 [ 728.1842019 ]
 [ 360.72140282]
 [ 371.9193707 ]
 [ 508.09898394]
 [ 619.37069813]
 [ 674.22812193]
 [ 738.60308096]
 [ 431.69223206]
 [ 633.45132743]
 [ 504.86725664]
 [ 553.56932153]
 [ 647.45657162]
 [ 647.51884628]
 [ 668.51196329]
 [ 626.32251721]
 [ 621.17010816]
 [ 600.8259587 ]
 [ 616.45034415]
 [ 627.84005244]
 [ 550.27859718]
 [ 612.45821042]
 [ 607.42051786]
 [ 449.99344477]
 [ 489.66240577]
 [ 503.74631268]
 [ 759.20026221]
 [ 655.53261226]
 [ 614.40183546]
 [ 455.20157325]
 [ 867.15175352]
 [ 576.68960996]
 [ 472.6188135 ]
 [ 675.34578827]
 [ 657.68600459]
 [ 664.87053425]
 [ 681.366765  ]
 [ 678.55784989]
 [ 637.09603409]
 [ 618.92166503]
 [ 592.13372665]
 [ 653.09734513]
 [ 674.01835464]
 [ 659.86234022]
 [ 413.07440184]
 [ 433.59226483]
 [ 438.95771878]
 [ 749.42641757]
 [ 737.01409374]
 [ 625.03441495]
 [ 436.49295313]
 [ 742.87446739]
 [ 545.84398558]
 [ 503.39888561]
 [ 760.3998689 ]
 [ 770.2359882 ]
 [ 749.58374304]
 [ 678.74139626]
 [ 722.76630613]
 [ 632.98918387]
 [ 606.07997378]
 [ 559.12487709]
 [ 646.56833825]
 [ 685.68993773]
 [ 720.6129138 ]
 [ 509.31825631]
 [ 529.34447722]
 [ 528.64634546]
 [ 719.67551622]
 [ 765.11307768]
 [ 755.41134054]
 [ 514.26745329]
 [ 736.85676827]
 [ 629.80006555]
 [ 388.14159292]
 [ 428.01704359]
 [ 511.75680105]
 [ 436.30285152]
 [ 401.51425762]
 [ 366.23729925]
 [ 360.76040642]
 [ 403.75286791]
 [ 412.54342838]
 [ 518.00065552]
 [ 390.40642412]
 [ 392.86135693]
 [ 372.28449689]
 [ 467.93838086]
 [ 420.9898394 ]
 [ 820.50147493]
 [ 467.66306129]
 [ 543.98230088]
 [ 325.02130449]
 [1205.96197968]
 [ 444.11996067]
 [ 541.54375615]
 [ 902.18289086]
 [ 498.39495247]
 [1098.85939036]
 [ 836.25335955]
 [ 301.60930842]
 [ 243.84791872]
 [ 615.09668961]
 [ 361.09472304]
 [ 474.13634874]
 [ 500.48836447]
 [ 563.31366765]
 [ 175.28023599]
 [ 279.99344477]
 [ 431.28810226]
 [ 761.07505736]
 [ 410.24909866]
 [ 223.05473615]
 [ 412.89413307]
 [ 787.34841036]
 [ 532.5237627 ]
 [ 323.16617502]
 [ 456.97148476]
 [ 455.99803343]
 [ 455.79154376]
 [ 423.10881678]
 [ 412.67125533]
 [ 421.65847263]
 [ 425.942314  ]
 [ 416.54539495]
 [ 440.76696165]
 [ 447.79088823]
 [ 438.68567683]
 [ 297.18780728]
 [ 313.51032448]
 [ 301.26647001]
 [ 628.01376598]
 [ 452.72369715]
 [ 434.79842675]
 [ 305.25401508]
 [ 756.15208128]
 [ 376.3913471 ]
 [ 338.61029171]
 [ 454.70665356]
 [ 450.85873484]
 [ 460.06882989]
 [ 423.85447394]
 [ 446.24057686]
 [ 433.28089151]
 [ 431.86496231]
 [ 424.93280892]
 [ 439.77056703]
 [ 465.86037365]
 [ 449.82300885]
 [ 428.66601114]
 [ 426.70927565]
 [ 411.56014422]
 [ 939.08882334]
 [ 544.70993117]
 [ 488.58079318]
 [ 310.55391675]
 [1140.43264503]
 [ 455.62766306]
 [ 298.11864962]
 [ 405.93903638]
 [ 408.1842019 ]
 [ 430.2818748 ]
 [ 388.84627991]
 [ 402.9006883 ]
 [ 414.03474271]
 [ 408.34152737]
 [ 388.26614225]
 [ 408.27597509]
 [ 408.25958702]
 [ 400.52441822]
 [ 302.99901672]
 [ 293.65126188]
 [ 303.13634874]
 [ 632.50409702]
 [ 431.82268109]
 [ 424.50213045]
 [ 287.7597509 ]
 [1134.91969846]
 [ 368.94788594]
 [ 385.01474926]
 [ 444.06751885]
 [ 443.00229433]
 [ 451.24549328]
 [ 427.48934775]
 [ 439.42313995]
 [ 500.12127171]
 [ 520.67846608]
 [ 481.79941003]
 [ 473.17273025]
 [ 496.73549656]
 [ 495.23107178]
 [ 371.20616191]
 [ 361.90429367]
 [ 388.43002294]
 [ 723.93313668]
 [ 446.2274664 ]
 [ 439.70829236]
 [ 357.06981318]
 [ 857.52867912]
 [ 434.64110128]
 [ 327.26974762]
 [ 516.60471976]
 [ 557.70239266]
 [ 582.92920354]
 [ 486.98459521]
 [ 504.7164864 ]
 [ 411.50704687]
 [ 392.65486726]
 [ 374.68698787]
 [ 508.87250082]
 [ 544.30022943]
 [ 443.88069485]
 [ 401.77318912]
 [ 374.75254015]
 [ 376.94854146]
 [ 692.04195346]
 [ 520.9898394 ]
 [ 508.44968863]
 [ 320.95050803]
 [ 894.06424123]
 [ 402.9957391 ]
 [ 629.92789249]
 [ 846.05375287]
 [ 923.30055719]
 [ 917.48607014]
 [ 916.09439528]
 [ 905.79482137]
 [2365.16879712]
 [ 741.14716486]
 [ 692.74008522]
 [ 670.12782694]
 [ 857.50901344]
 [ 770.42281219]
 [ 895.55784989]
 [ 888.45624385]
 [ 779.14454277]
 [1228.48574238]
 [ 801.16256965]
 [ 794.69682071]
 [ 513.66764995]
 [1126.22418879]
 [ 656.17961324]
 [ 383.59882006]
 [ 573.68076041]
 [ 594.21828909]
 [ 614.00196657]
 [ 463.9396919 ]
 [ 505.34906588]
 [ 481.03900361]
 [ 458.92822026]
 [ 459.25598165]
 [ 482.12389381]
 [ 569.53130121]
 [ 743.76925598]
 [ 485.1655195 ]
 [ 479.61422484]
 [ 558.10652245]
 [ 406.45689938]
 [ 611.94034743]
 [ 541.94690265]
 [ 273.42182891]
 [1203.72336939]
 [ 528.89872173]
 [ 323.70698132]
 [ 435.05735824]
 [ 462.91379875]
 [ 455.6833825 ]
 [ 357.29269092]
 [ 363.11701082]
 [ 367.52867912]
 [ 372.55653884]
 [ 371.35037693]
 [ 404.79187152]
 [ 403.28416912]
 [ 398.4660767 ]
 [ 300.31792855]
 [ 322.02556539]
 [ 315.23107178]
 [ 523.29072435]
 [ 480.18354638]
 [ 446.11602753]
 [ 308.7020649 ]
 [ 757.61389708]
 [ 354.80498197]
 [ 349.28220256]
 [ 455.88659456]
 [ 219.41658473]
 [ 460.23926581]
 [ 355.92264831]
 [ 357.36479843]
 [ 369.73123566]
 [ 369.40019666]
 [ 366.92559816]
 [ 427.7122255 ]
 [ 441.50114716]
 [ 427.23369387]
 [ 339.78367748]
 [ 348.2300885 ]
 [ 490.18026876]
 [ 490.18026876]
 [ 445.09013438]
 [ 438.80694854]
 [ 353.70698132]
 [ 587.63684038]
 [ 376.87971157]
 [ 350.06555228]
 [ 605.06391347]
 [ 603.31694526]
 [ 609.32153392]
 [ 490.30481809]
 [ 483.15634218]
 [ 471.7207473 ]
 [ 509.68534907]
 [ 492.97607342]
 [ 543.62504097]
 [ 563.65781711]
 [ 565.45394952]
 [ 337.81383153]
 [ 343.47427073]
 [ 339.06915765]
 [1125.67354966]
 [ 564.53294002]
 [ 590.22615536]
 [ 327.453294  ]
 [1146.45362176]
 [ 486.28318584]
 [ 329.151098  ]
 [ 477.84988528]
 [ 422.18289086]
 [ 478.9380531 ]
 [ 431.99606686]
 [ 446.81088168]
 [ 458.25958702]
 [ 326.67322189]
 [ 442.99246149]
 [ 481.60603081]
 [ 569.08554572]
 [ 575.60799738]
 [ 334.45427729]
 [ 251.33071124]
 [ 348.71189774]
 [ 564.30350705]
 [ 498.32186168]
 [ 486.57161586]
 [ 376.87315634]
 [ 663.30383481]
 [ 469.54113405]
 [ 456.70599803]
 [ 623.07440184]
 [ 566.00786627]
 [ 615.31301213]
 [ 697.5712881 ]
 [ 714.36905932]
 [ 715.74565716]
 [ 724.07735169]
 [ 735.08030154]
 [ 605.34251065]
 [ 619.83284169]
 [ 618.86266798]
 [ 523.8446411 ]
 [ 540.04588659]
 [ 570.83251393]
 [ 678.15142576]
 [ 558.51851852]
 [ 557.26647001]
 [ 462.31399541]
 [ 677.55817765]
 [ 627.33202229]
 [ 323.75942314]
 [ 379.85250737]
 [ 298.46935431]
 [ 324.94919698]
 [ 348.82300885]
 [ 311.03244838]
 [ 528.69550967]
 [ 451.11111111]
 [ 480.89806621]
 [ 277.45001639]
 [ 504.44411668]
 [ 387.87643396]
 [ 473.66437234]
 [ 492.91707637]
 [ 486.22418879]
 [1044.18879056]
 [ 333.47427073]
 [ 517.50901344]
 [ 361.77646673]
 [1306.43395608]
 [ 398.98066208]
 [ 305.18190757]
 [ 425.07702393]
 [ 264.89577188]
 [ 391.8905277 ]
 [ 311.60930842]
 [ 375.9914782 ]
 [ 416.65912815]
 [ 351.30121272]
 [ 323.47722058]
 [ 400.46542117]
 [ 337.98951164]
 [ 408.00393314]
 [ 295.9583743 ]
 [ 219.19370698]
 [ 333.30711242]
 [ 645.63094068]
 [ 217.90855457]
 [ 378.57096034]
 [ 270.68829892]
 [ 880.88167814]
 [ 348.79383809]
 [ 105.4142904 ]
 [1211.63225172]
 [1201.73385775]
 [1228.22025565]
 [1046.50606359]
 [1044.43133399]
 [ 968.04654212]
 [ 987.39101934]
 [ 912.44215011]
 [1420.54080629]
 [1392.03212062]
 [1315.47689282]
 [ 483.22189446]
 [ 476.56833825]
 [ 493.4473943 ]
 [1126.44378892]
 [1628.34677155]
 [1288.52835136]
 [ 541.86529007]
 [ 877.53195674]
 [ 852.44509997]
 [ 395.59488692]
 [ 821.15372009]
 [ 818.38085873]
 [ 784.68698787]
 [ 641.77318912]
 [ 635.09996722]
 [ 756.11274992]
 [ 762.30416257]
 [ 837.84005244]
 [ 917.34841036]
 [ 932.17305801]
 [ 945.68993773]
 [ 508.30875123]
 [ 518.62012455]
 [ 987.99737791]
 [1016.48312029]
 [ 651.94362504]
 [ 707.9482137 ]
 [ 313.26450344]
 [1209.42969518]
 [ 672.03539823]]
pH
*************
linear
3.1953822591443255
SVR
3.2611305524817333
DTR
4.799734588008202
_____________________________-
DO
*************
linear
33.087428049680106
SVR
41.01252274083855
DTR
120.18207846821454
_____________________________-
BOD5
*************
linear
61.033346107418424
SVR
47.16045875807866
DTR
167.91666666666666
_____________________________-
CODMn
*************
linear
30.531011536699605
SVR
34.206517992111586
DTR
77.00328792860493
_____________________________-
TN
*************
linear
7.920799574681124
SVR
9.402592515167203
DTR
57.417581414066376
_____________________________-
TP
*************
linear
0.8582845210868676
SVR
1.1362041467304629
DTR
2.3556618819776722
_____________________________-
TOC
*************
linear
8.348797293778652
SVR
9.38896984732266
DTR
21.206694032724567
_____________________________-
DOC
*************
linear
5.525690207536028
SVR
6.242971147810863
DTR
12.907538636606786
_____________________________-
TN,
*************
linear
7.450710781414893
SVR
10.505145948533873
DTR
56.09263607597459
_____________________________-
NH3-N
*************
linear
9.615309047441489
SVR
133.9847330211274
DTR
90.27696456086288
_____________________________-
NO3-N
*************
linear
8.03942673543539
SVR
11.37699886498128
DTR
36.80353627724565
_____________________________-
DTP
*************
linear
0.7424248696280352
SVR
1.6767990495587242
DTR
1.6940257976917854
_____________________________-
PO4-P
*************
linear
1.6510308297541474
SVR
2.5862696443341604
DTR
2.9086021505376345
_____________________________-
final
linear
13.692280139515313
SVR
23.99548570992901
DTR
50.1203852676294
**********************
DV 5
**********************
[[ 330.79318256]
 [ 419.17731891]
 [ 399.14782039]
 [ 399.63618486]
 [ 401.02917076]
 [ 376.25368732]
 [ 383.17273025]
 [ 379.16093084]
 [ 370.16715831]
 [ 369.39036382]
 [ 367.8302196 ]
 [ 374.15929204]
 [ 275.63421829]
 [ 279.12487709]
 [ 286.19141265]
 [ 749.67223861]
 [ 441.84201901]
 [ 407.35168797]
 [ 294.54605048]
 [ 903.9626352 ]
 [ 356.3454605 ]
 [ 388.79744346]
 [ 564.38216978]
 [ 483.28416912]
 [ 418.28580793]
 [ 618.77777778]
 [ 454.02818748]
 [ 415.36479843]
 [ 315.63356277]
 [ 421.23107178]
 [ 499.26679777]
 [ 532.10750574]
 [ 605.9006883 ]
 [ 444.19010161]
 [ 363.12028843]
 [ 443.94952475]
 [1057.32874467]
 [ 492.03802032]
 [ 709.38151426]
 [ 383.22877745]
 [1124.06751885]
 [1383.24811537]
 [ 385.70960341]
 [ 267.99410029]
 [ 328.7971157 ]
 [ 659.37069813]
 [ 544.92297607]
 [ 574.3395608 ]
 [ 571.179941  ]
 [ 557.3123566 ]
 [ 549.87545067]
 [ 670.04588659]
 [ 672.09439528]
 [ 704.24451   ]
 [ 376.40445755]
 [ 369.67223861]
 [ 396.42740085]
 [ 807.16158637]
 [ 666.46017699]
 [ 583.88725008]
 [ 377.07964602]
 [ 760.55391675]
 [ 609.7640118 ]
 [ 357.40085218]
 [ 727.25663717]
 [ 721.2690921 ]
 [ 713.54080629]
 [ 523.40871845]
 [ 529.51819076]
 [ 516.73549656]
 [ 593.64306785]
 [ 601.51425762]
 [ 710.69157653]
 [ 692.27466404]
 [ 705.94886922]
 [ 353.66437234]
 [ 363.66764995]
 [ 497.122255  ]
 [ 600.3998689 ]
 [ 657.42379548]
 [ 719.16093084]
 [ 419.5670272 ]
 [ 613.36610947]
 [ 491.02064897]
 [ 540.01638807]
 [ 630.60308096]
 [ 630.33038348]
 [ 649.98393969]
 [ 612.11406096]
 [ 604.87381186]
 [ 584.85414618]
 [ 600.15732547]
 [ 610.30481809]
 [ 538.302196  ]
 [ 595.8734841 ]
 [ 591.25532612]
 [ 438.77089479]
 [ 476.8403802 ]
 [ 490.99967224]
 [ 742.95968535]
 [ 644.32972796]
 [ 599.20026221]
 [ 446.81415929]
 [ 846.273353  ]
 [ 562.6417568 ]
 [ 463.26778106]
 [ 663.44149459]
 [ 644.79842675]
 [ 653.19567355]
 [ 668.40380203]
 [ 664.56243854]
 [ 626.61094723]
 [ 606.08980662]
 [ 583.38905277]
 [ 639.32481154]
 [ 661.73385775]
 [ 648.58734841]
 [ 400.84234677]
 [ 423.37594231]
 [ 428.85611275]
 [ 729.95411341]
 [ 720.41297935]
 [ 611.4388725 ]
 [ 420.95378564]
 [ 728.44641101]
 [ 535.96525729]
 [ 478.37430351]
 [ 738.52835136]
 [ 747.86627335]
 [ 725.92920354]
 [ 659.79351032]
 [ 699.58374304]
 [ 607.40412979]
 [ 581.18649623]
 [ 538.97082924]
 [ 629.91478204]
 [ 668.26286463]
 [ 700.24909866]
 [ 484.09046214]
 [ 510.8030154 ]
 [ 508.92822026]
 [ 705.57849885]
 [ 743.44149459]
 [ 732.1468371 ]
 [ 485.02785972]
 [ 723.26122583]
 [ 607.17797443]
 [ 366.38151426]
 [ 409.33464438]
 [ 488.2071452 ]
 [ 415.59488692]
 [ 380.65224517]
 [ 341.03572599]
 [ 343.62176336]
 [ 386.20780072]
 [ 392.38610292]
 [ 492.94985251]
 [ 377.09603409]
 [ 375.0245821 ]
 [ 353.8446411 ]
 [ 439.56407735]
 [ 399.82956408]
 [ 807.9482137 ]
 [ 453.46116028]
 [ 524.48377581]
 [ 312.9236316 ]
 [1170.37037037]
 [ 425.01474926]
 [ 527.07145198]
 [ 882.06555228]
 [ 485.32284497]
 [1067.49262537]
 [ 816.13897083]
 [ 294.34283841]
 [ 238.43330056]
 [ 444.40511308]
 [ 352.30744018]
 [ 462.94657489]
 [ 489.4329728 ]
 [ 552.1927237 ]
 [ 171.1078335 ]
 [ 273.46443789]
 [ 419.20681744]
 [ 742.74336283]
 [ 401.18649623]
 [ 217.18452966]
 [ 402.71058669]
 [ 759.38380859]
 [ 519.56735497]
 [ 314.60832514]
 [ 439.21009505]
 [ 440.64896755]
 [ 439.91478204]
 [ 411.1179941 ]
 [ 402.09308423]
 [ 411.45198296]
 [ 413.34251065]
 [ 404.30022943]
 [ 425.69321534]
 [ 432.44837758]
 [ 426.09963946]
 [ 290.52769584]
 [ 305.70173714]
 [ 295.424451  ]
 [ 608.93149787]
 [ 439.67879384]
 [ 421.75024582]
 [ 297.69255982]
 [ 735.29662406]
 [ 366.46345461]
 [ 331.72730252]
 [ 443.9396919 ]
 [ 441.17666339]
 [ 450.32448378]
 [ 414.27400852]
 [ 437.70239266]
 [ 423.03834808]
 [ 424.95902983]
 [ 415.88331695]
 [ 428.13503769]
 [ 450.52441822]
 [ 438.16453622]
 [ 419.36086529]
 [ 417.34841036]
 [ 400.94723042]
 [ 925.6604392 ]
 [ 532.56309407]
 [ 477.40740741]
 [ 302.60570305]
 [1125.69321534]
 [ 444.18223533]
 [ 293.17273025]
 [ 396.69288758]
 [ 400.47525402]
 [ 421.89446083]
 [ 380.5670272 ]
 [ 394.02917076]
 [ 406.07669617]
 [ 398.5611275 ]
 [ 379.5509669 ]
 [ 398.7741724 ]
 [ 400.43920026]
 [ 391.61914127]
 [ 298.61356932]
 [ 287.98754507]
 [ 296.35004916]
 [ 620.81940347]
 [ 422.5152409 ]
 [ 415.04424779]
 [ 281.45198296]
 [1114.4719764 ]
 [ 360.25925926]
 [ 360.88495575]
 [ 413.79875451]
 [ 411.13405441]
 [ 421.80268764]
 [ 402.12389381]
 [ 413.61193051]
 [ 467.21402819]
 [ 487.25663717]
 [ 449.57391019]
 [ 444.13307112]
 [ 465.96197968]
 [ 461.87151754]
 [ 344.99836119]
 [ 336.36184857]
 [ 365.4015077 ]
 [ 680.86201245]
 [ 411.53064569]
 [ 409.44280564]
 [ 334.20517863]
 [ 821.87479515]
 [ 406.75843986]
 [ 320.25237627]
 [ 499.75090134]
 [ 543.08751229]
 [ 564.53621763]
 [ 474.08882334]
 [ 490.60308096]
 [ 402.01901016]
 [ 381.63880695]
 [ 365.77351688]
 [ 495.02130449]
 [ 528.4201901 ]
 [ 432.62536873]
 [ 391.84529662]
 [ 364.5984923 ]
 [ 366.5322845 ]
 [ 679.06260243]
 [ 509.30186824]
 [ 494.09046214]
 [ 312.32055064]
 [ 880.75057358]
 [ 393.72992461]
 [ 611.05276958]
 [ 819.80662078]
 [ 896.57817109]
 [ 889.05276958]
 [ 888.7079646 ]
 [ 878.55129466]
 [1441.00294985]
 [ 719.33235005]
 [ 673.15372009]
 [ 651.19632907]
 [ 829.46902655]
 [ 748.76106195]
 [ 869.40675188]
 [ 863.22976073]
 [ 756.45362176]
 [1186.88069485]
 [ 773.41822353]
 [ 771.21927237]
 [ 499.49196985]
 [1078.21042281]
 [ 639.85381842]
 [ 376.25696493]
 [ 560.87512291]
 [ 581.20943953]
 [ 601.11766634]
 [ 453.83480826]
 [ 494.67715503]
 [ 470.65552278]
 [ 449.64274009]
 [ 449.2461488 ]
 [ 472.20255654]
 [ 556.17371354]
 [ 726.32218945]
 [ 476.09636185]
 [ 468.92822026]
 [ 548.34152737]
 [ 392.22549984]
 [ 602.55981645]
 [ 528.59062602]
 [ 268.48574238]
 [1171.16683055]
 [ 517.34185513]
 [ 316.29957391]
 [ 422.44182235]
 [ 447.77122255]
 [ 442.877745  ]
 [ 348.23336611]
 [ 353.87413963]
 [ 358.07931826]
 [ 363.82825303]
 [ 359.81317601]
 [ 393.46443789]
 [ 390.07210751]
 [ 386.78138315]
 [ 293.34644379]
 [ 312.21894461]
 [ 308.07931826]
 [ 505.96197968]
 [ 466.58800393]
 [ 434.61160275]
 [ 301.62241888]
 [ 730.08194035]
 [ 346.6502786 ]
 [ 342.63847919]
 [ 443.71353655]
 [ 214.24778761]
 [ 448.85611275]
 [ 348.14487053]
 [ 347.34513274]
 [ 362.63847919]
 [ 360.64241232]
 [ 358.15142576]
 [ 415.86037365]
 [ 430.84234677]
 [ 415.46705998]
 [ 331.50114716]
 [ 340.06555228]
 [ 477.88593904]
 [ 477.88593904]
 [ 434.43788922]
 [ 427.52540151]
 [ 346.32579482]
 [ 573.31694526]
 [ 366.38806949]
 [ 338.41035726]
 [ 583.86430678]
 [ 584.40511308]
 [ 587.69747624]
 [ 472.84496886]
 [ 466.56833825]
 [ 456.71255326]
 [ 491.84529662]
 [ 475.60144215]
 [ 528.92822026]
 [ 543.30383481]
 [ 543.31694526]
 [ 323.63487381]
 [ 331.63880695]
 [ 325.99475582]
 [1075.8734841 ]
 [ 544.83120288]
 [ 572.30088496]
 [ 315.60799738]
 [1110.81612586]
 [ 469.25598165]
 [ 322.04523107]
 [ 465.92264831]
 [ 410.89806621]
 [ 467.19764012]
 [ 421.6027532 ]
 [ 436.31268437]
 [ 448.12192724]
 [ 319.94755818]
 [ 431.76007866]
 [ 469.94100295]
 [ 555.2605703 ]
 [ 561.61914127]
 [ 328.26286463]
 [ 246.00458866]
 [ 341.74696821]
 [ 550.28843002]
 [ 484.38872501]
 [ 474.44772206]
 [ 367.74827925]
 [ 647.87610619]
 [ 458.75450672]
 [ 447.65322845]
 [ 605.8921665 ]
 [ 553.54965585]
 [ 597.54506719]
 [ 680.1078335 ]
 [ 699.75745657]
 [ 697.93182563]
 [ 706.43067847]
 [ 713.62504097]
 [ 593.13339889]
 [ 604.50114716]
 [ 605.03441495]
 [ 512.06817437]
 [ 529.21009505]
 [ 559.09537856]
 [ 662.9957391 ]
 [ 545.73254671]
 [ 545.05408063]
 [ 453.78564405]
 [ 656.97476237]
 [ 612.58931498]
 [ 315.41134054]
 [ 370.9668961 ]
 [ 290.1179941 ]
 [ 318.08259587]
 [ 341.69714848]
 [ 304.33497214]
 [ 516.273353  ]
 [ 440.72992461]
 [ 468.89872173]
 [ 272.41887906]
 [ 492.31399541]
 [ 378.90855457]
 [ 463.75614553]
 [ 482.16650279]
 [ 475.94133071]
 [1012.60570305]
 [ 319.44280564]
 [ 510.76696165]
 [ 354.64962307]
 [1272.99246149]
 [ 390.68829892]
 [ 298.12192724]
 [ 415.60144215]
 [ 257.65322845]
 [ 382.34677155]
 [ 305.08980662]
 [ 369.20681744]
 [ 407.38774172]
 [ 343.54310062]
 [ 315.44968863]
 [ 391.2979351 ]
 [ 330.74074074]
 [ 397.71550311]
 [ 288.62340216]
 [ 215.46345461]
 [ 326.58144871]
 [ 635.60373648]
 [ 213.09734513]
 [ 371.4388725 ]
 [ 262.21566699]
 [ 864.27073091]
 [ 340.517863  ]
 [  99.86201245]
 [1173.47099312]
 [1163.96230744]
 [1188.13503769]
 [1016.19731236]
 [1013.8675844 ]
 [ 939.43952802]
 [ 958.87905605]
 [ 884.16912488]
 [1375.67354966]
 [1344.84759095]
 [1274.57882661]
 [ 470.76696165]
 [ 460.92756473]
 [ 479.89839397]
 [1107.36152081]
 [1572.98918387]
 [1250.69485415]
 [ 525.83743035]
 [ 851.11111111]
 [ 827.70009833]
 [ 386.69616519]
 [ 799.09865618]
 [ 796.80760406]
 [ 764.45099967]
 [ 624.56899377]
 [ 621.45198296]
 [ 737.52867912]
 [ 745.00163881]
 [ 818.04654212]
 [ 892.86791216]
 [ 908.54146182]
 [ 918.99705015]
 [ 496.9092101 ]
 [ 504.42477876]
 [ 971.8879056 ]
 [ 999.65257293]
 [ 634.1265159 ]
 [ 692.90396591]
 [ 306.77155031]
 [1182.75319567]
 [ 655.16224189]]
pH
*************
linear
3.1963167244468926
SVR
3.095955534735899
DTR
5.178549885390276
_____________________________-
DO
*************
linear
34.561280019952214
SVR
40.036987715830065
DTR
99.50968550082763
_____________________________-
BOD5
*************
linear
63.40536744039129
SVR
47.477848871917736
DTR
109.33908045977013
_____________________________-
CODMn
*************
linear
34.00764903361496
SVR
33.138603544816604
DTR
77.97087834664158
_____________________________-
TN
*************
linear
8.514992504727278
SVR
10.513460521359692
DTR
50.38642350792471
_____________________________-
TP
*************
linear
0.7761115704740207
SVR
1.1362041467304629
DTR
2.486539074960128
_____________________________-
TOC
*************
linear
9.644030853548172
SVR
9.042818953497052
DTR
26.22407475685995
_____________________________-
DOC
*************
linear
6.274195344890742
SVR
6.030172928407673
DTR
19.78375171421068
_____________________________-
TN,
*************
linear
7.80600432593496
SVR
11.273759963397945
DTR
48.97119310075481
_____________________________-
NH3-N
*************
linear
9.820109784001316
SVR
131.16668207308334
DTR
45.76224961479198
_____________________________-
NO3-N
*************
linear
8.338564763545834
SVR
12.159087987060035
DTR
42.02717399502226
_____________________________-
DTP
*************
linear
0.6951384291835968
SVR
1.6767990495587242
DTR
1.8776646300067887
_____________________________-
PO4-P
*************
linear
1.5802839132536477
SVR
2.5862696443341604
DTR
3.1204301075268823
_____________________________-
final
linear
14.509234208304996
SVR
23.79497314882534
DTR
40.97213036112983
